[gd_scene load_steps=5 format=2]

[ext_resource path="res://Car.tscn" type="PackedScene" id=1]

[sub_resource type="ProceduralSky" id=1]

[sub_resource type="Environment" id=2]
background_mode = 1
background_sky = SubResource( 1 )
background_color = Color( 0.568627, 0.627451, 1, 1 )
background_energy = 0.54
ambient_light_color = Color( 0.784314, 0.784314, 0.784314, 1 )
ambient_light_energy = 0.3
ambient_light_sky_contribution = 0.32

[sub_resource type="BoxShape" id=3]

[node name="Main" type="Spatial"]

[node name="WorldEnvironment" type="WorldEnvironment" parent="."]
environment = SubResource( 2 )

[node name="Ground" type="StaticBody" parent="."]
transform = Transform( 21.8299, 0, 0, 0, 0.172415, 0, 0, 0, 14.5563, 0, 0, 0 )

[node name="CollisionShape" type="CollisionShape" parent="Ground"]
transform = Transform( 1, 0, 0, 0, 1, 0, 0, 0, 1, 0, 0, 0 )
shape = SubResource( 3 )

[node name="CSGBox" type="CSGBox" parent="Ground"]

[node name="Camera" type="Camera" parent="."]
transform = Transform( 1, 0, 0, 0, 0.925342, 0.379133, 0, -0.379133, 0.925342, 0, 6.57962, 9.6039 )

[node name="DirectionalLight" type="DirectionalLight" parent="."]
transform = Transform( 1, 0, 0, 0, 0.710701, 0.703494, 0, -0.703494, 0.710701, 0.444748, 6.70407, -0.23997 )
visible = false
light_energy = 0.5
shadow_enabled = true

[node name="Car" parent="." instance=ExtResource( 1 )]
transform = Transform( 1, 0, 0, 0, 1, 0, 0, 0, 1, 0.429474, 3.24544, 2.02746 )

[node name="SpotLight" type="SpotLight" parent="."]
transform = Transform( 1, 0, 0, 0, 0.694847, 0.719158, 0, -0.719158, 0.694847, 0.359669, 8.16832, 6.23194 )
shadow_enabled = true
spot_range = 15.544
